"step","downstreamPressure_DP165_347,50-0,50-0,33=3.22474"
0,-0.0907669
1000,0.012477819
